width: 1600
height: 1600
width_segments: 40
height_segments: 40
camera_pos {
  x: 180
  y: -40
  z: -50
}
camera_dir {
  x: 0
  y: 0
  z: 1
}
obj_t {
  x: 299.99533
  y: 17.930098
  z: 299.99533
}
obj_r {
  row_1 {
    x: 0.84402776
    y: 0.018016096
    z: 0.5359962
    w: 0
  }
  row_2 {
    x: 0.21640575
    y: 0.90301389
    z: -0.3711243
    w: 0
  }
  row_3 {
    x: -0.49069905
    y: 0.42923227
    z: 0.75827026
    w: 0
  }
  row_4 {
    x: 0
    y: 0
    z: 0
    w: 1
  }
}
tau: 0.01
key: 0.13
ofs: 0.94
blur_radius: 10
bloom_threshold: 0.25
bloom_multiplier: 4.9
