width: 600
height: 600
width_segments: 40
height_segments: 40
camera_pos {
  x: 180
  y: -60
  z: -50
}
camera_dir {
  x: 0
  y: 0
  z: 1
}
obj_t {
  x: 299.99533
  y: 12.807227
  z: 299.99533
}
obj_r {
  row_1 {
    x: 0.56707186
    y: -0.22518075
    z: -0.79228979
    w: 0
  }
  row_2 {
    x: -0.23617058
    y: 0.87706292
    z: -0.4183107
    w: 0
  }
  row_3 {
    x: 0.7890836
    y: 0.42432785
    z: 0.44417658
    w: 0
  }
  row_4 {
    x: 0
    y: 0
    z: 0
    w: 1
  }
}
