width: 600
height: 600
width_segments: 40
height_segments: 40
camera_pos {
  x: 180
  y: 10
  z: -50
}
camera_dir {
  x: 0
  y: 0
  z: 1
}
obj_t {
  x: 299.99533
  y: 12.807227
  z: 299.99533
}
obj_r {
  row_1 {
    x: 0.9284392
    y: -0.27515537
    z: 0.24957877
    w: 0
  }
  row_2 {
    x: 0.32486206
    y: 0.92724478
    z: -0.18622726
    w: 0
  }
  row_3 {
    x: -0.18017977
    y: 0.2539798
    z: 0.95027852
    w: 0
  }
  row_4 {
    x: 0
    y: 0
    z: 0
    w: 1
  }
}
tau: 0.01
key: 0.13
ofs: 0.94
blur_radius: 10
bloom_threshold: 0.25
bloom_multiplier: 4.9
