radius: 13
height: 317
radial_segments: 11
height_segments: 51
camera_pos {
  x: -11.014322
  y: 335.80188
  z: -225.08713
}
camera_target {
  x: 0
  y: 0
  z: 0
}
obj_world {
  row_1 {
    x: 0.99880618
    y: 0.041787285
    z: 0.025306301
    w: 0
  }
  row_2 {
    x: -0.0098161325
    y: -0.33578104
    z: 0.94188893
    w: 0
  }
  row_3 {
    x: 0.047856387
    y: -0.94101256
    z: -0.33496994
    w: 0
  }
  row_4 {
    x: 0
    y: 0
    z: 0
    w: 1
  }
}
