width: 600
height: 600
width_segments: 40
height_segments: 40
camera_pos {
  x: 180
  y: -20
  z: -50
}
camera_dir {
  x: 0
  y: 0
  z: 1
}
obj_t {
  x: 299.99533
  y: 12.807227
  z: 299.99533
}
obj_r {
  row_1 {
    x: 0.91893566
    y: -0.38120091
    z: 0.10120622
    w: 0
  }
  row_2 {
    x: 0.34157902
    y: 0.640916
    z: -0.68742251
    w: 0
  }
  row_3 {
    x: 0.19718167
    y: 0.66626722
    z: 0.71917087
    w: 0
  }
  row_4 {
    x: 0
    y: 0
    z: 0
    w: 1
  }
}
tau: 2.5
blur_radius: 21
bloom_threshold: 0.25
bloom_multiplier: 4.9
