width: 600
height: 600
width_segments: 40
height_segments: 40
camera_pos {
  x: 180
  y: -50
  z: -50
}
camera_dir {
  x: 0
  y: 0
  z: 1
}
obj_t {
  x: 299.99533
  y: 10.162268
  z: 299.99533
}
obj_r {
  row_1 {
    x: 0.59259552
    y: -0.11153218
    z: -0.79774135
    w: 0
  }
  row_2 {
    x: -0.18836513
    y: 0.94371969
    z: -0.27186683
    w: 0
  }
  row_3 {
    x: 0.78316623
    y: 0.31137371
    z: 0.53823525
    w: 0
  }
  row_4 {
    x: 0
    y: 0
    z: 0
    w: 1
  }
}
