radius: 20
height: 200
radial_segments: 11
height_segments: 51
camera_pos {
  x: 0
  y: 0
  z: -500
}
camera_target {
  x: 0
  y: 0
  z: 0
}
obj_world {
  row_1 {
    x: 0.97597957
    y: -0.12292033
    z: 0.17987278
    w: 0
  }
  row_2 {
    x: -0.21748047
    y: -0.50088954
    z: 0.83774209
    w: 0
  }
  row_3 {
    x: -0.01287912
    y: -0.856738
    z: -0.51559085
    w: 0
  }
  row_4 {
    x: 0
    y: 0
    z: 0
    w: 1
  }
}
